AAM___PF00380.18	RS_GCF_000724705.2	100.000	121	0	0	1	121	1	121	5.10e-86	244
AAM___PF00410.18	RS_GCF_000724705.2	100.000	128	0	0	1	128	1	128	1.19e-90	256
AAM___PF00466.19	RS_GCF_000724705.2	100.000	98	0	0	1	98	1	98	2.98e-68	197
AAM___PF01025.18	RS_GCF_000724705.2	96.933	163	0	1	1	163	3	160	3.01e-109	306
AAM___PF02576.16	RS_GCF_000724705.2	97.297	74	0	2	1	74	1	72	2.29e-43	134
AAM___PF03726.13	RS_GCF_000724705.2	100.000	77	0	0	1	77	1	77	1.02e-48	145
AAM___TIGR00006	RS_GCF_000202835.1	98.361	305	0	3	1	305	1	300	0.0	569
AAM___TIGR00019	RS_GCF_000202835.1	100.000	346	0	0	1	346	1	346	0.0	675
AAM___TIGR00020	RS_GCF_000724705.2	100.000	308	0	0	1	308	1	308	0.0	631
AAM___TIGR00029	RS_GCF_000724705.2	100.000	86	0	0	1	86	1	86	3.54e-56	165
AAM___TIGR00043	RS_GCF_000202835.1	100.000	93	0	0	1	93	1	93	2.43e-61	179
AAM___TIGR00054	RS_GCF_000202835.1	99.115	226	0	2	1	226	116	339	1.94e-156	436
AAM___TIGR00059	RS_GCF_000724705.2	100.000	110	0	0	1	110	1	110	9.78e-77	219
AAM___TIGR00061	RS_GCF_000724705.2	100.000	100	0	0	1	100	1	100	5.98e-68	196
AAM___TIGR00064	RS_GCF_000724705.2	100.000	270	0	0	1	270	1	270	0.0	526
AAM___TIGR00065	RS_GCF_000724705.2	99.686	318	0	1	1	318	1	317	0.0	629
AAM___TIGR00082	RS_GCF_000724705.2	96.296	108	1	2	1	108	1	105	1.53e-68	198
AAM___TIGR00083	RS_GCF_000724705.2	99.303	287	0	2	1	287	1	285	0.0	541
AAM___TIGR00084	RS_GCF_000724705.2	93.970	199	0	3	1	199	1	187	2.95e-123	344
AAM___TIGR00086	RS_GCF_000724705.2	100.000	143	0	0	1	143	1	143	6.23e-104	291
AAM___TIGR00088	RS_GCF_000202835.1	99.556	225	0	1	1	225	1	224	9.16e-158	434
AAM___TIGR00090	RS_GCF_000724705.2	100.000	97	0	0	1	97	1	97	1.91e-66	192
AAM___TIGR00092	RS_GCF_000202835.1	99.725	364	0	1	1	364	1	363	0.0	723
AAM___TIGR00095	RS_GCF_000202835.1	96.571	175	0	1	1	175	1	169	4.02e-112	314
AAM___TIGR00115	RS_GCF_000202835.1	99.755	408	0	1	1	408	1	407	0.0	803
AAM___TIGR00116	RS_GCF_000724705.2	96.644	298	0	3	1	298	1	288	0.0	551
AAM___TIGR00138	RS_GCF_000202835.1	98.750	160	0	1	1	160	1	158	3.03e-107	301
AAM___TIGR00158	RS_GCF_000724705.2	100.000	144	0	0	1	144	1	144	8.20e-102	286
AAM___TIGR00166	RS_GCF_000202835.1	100.000	93	0	0	1	93	1	93	3.02e-66	191
AAM___TIGR00168	RS_GCF_000724705.2	100.000	143	0	0	1	143	1	143	4.30e-103	289
AAM___TIGR00186	RS_GCF_000724705.2	98.261	230	0	4	1	230	1	226	1.27e-151	419
AAM___TIGR00194	RS_GCF_000202835.1	97.578	578	0	9	1	578	1	564	0.0	1106
AAM___TIGR00250	RS_GCF_000202835.1	100.000	130	0	0	1	130	1	130	3.05e-87	248
AAM___TIGR00337	RS_GCF_000724705.2	97.753	534	0	4	1	534	1	522	0.0	1033
AAM___TIGR00344	RS_GCF_000202835.1	97.190	854	0	10	1	854	1	830	0.0	1630
AAM___TIGR00362	RS_GCF_000724705.2	97.321	448	0	2	1	448	1	436	0.0	882
AAM___TIGR00382	RS_GCF_000724705.2	99.749	398	0	1	1	398	1	397	0.0	803
AAM___TIGR00392	RS_GCF_000724705.2	97.368	836	0	4	1	836	1	814	0.0	1634
AAM___TIGR00396	RS_GCF_000202835.1	97.887	852	0	8	1	852	1	834	0.0	1657
AAM___TIGR00398	RS_GCF_000724705.2	99.791	479	0	1	1	479	1	478	0.0	983
AAM___TIGR00414	RS_GCF_000202835.1	97.653	426	0	3	1	426	1	416	0.0	829
AAM___TIGR00416	RS_GCF_000724705.2	99.769	432	0	1	1	432	1	431	0.0	844
AAM___TIGR00420	RS_GCF_000202835.1	98.817	338	0	3	7	344	1	334	0.0	657
AAM___TIGR00431	RS_GCF_000724705.2	100.000	207	0	0	1	207	1	207	7.02e-149	410
AAM___TIGR00435	RS_GCF_000202835.1	99.775	445	0	1	1	445	1	444	0.0	894
AAM___TIGR00436	RS_GCF_000202835.1	99.631	271	0	1	1	271	1	270	0.0	533
AAM___TIGR00442	RS_GCF_000202835.1	99.749	398	0	1	1	398	1	397	0.0	798
AAM___TIGR00445	RS_GCF_000724705.2	98.466	326	0	3	1	326	1	321	0.0	620
AAM___TIGR00456	RS_GCF_000202835.1	90.883	351	1	5	1	351	214	533	0.0	603
AAM___TIGR00459	RS_GCF_000202835.1	99.139	581	0	4	1	581	1	576	0.0	1148
AAM___TIGR00460	RS_GCF_000202835.1	99.658	292	0	1	1	292	1	291	0.0	568
AAM___TIGR00468	RS_GCF_000724705.2	96.678	301	0	3	1	301	1	291	0.0	577
AAM___TIGR00472	RS_GCF_000202835.1	99.339	454	0	3	1	454	1	451	0.0	885
AAM___TIGR00487	RS_GCF_000724705.2	99.655	580	0	1	1	580	1	578	0.0	1145
AAM___TIGR00496	RS_GCF_000724705.2	100.000	175	0	0	1	175	1	175	5.34e-127	352
AAM___TIGR00539	RS_GCF_000202835.1	97.633	338	0	3	1	338	1	330	0.0	640
AAM___TIGR00580	RS_GCF_000202835.1	97.655	938	0	5	1	938	1	916	0.0	1796
AAM___TIGR00593	RS_GCF_000202835.1	97.036	911	0	4	1	911	1	884	0.0	1752
AAM___TIGR00615	RS_GCF_000724705.2	100.000	191	0	0	1	191	1	191	9.22e-133	368
AAM___TIGR00631	RS_GCF_000202835.1	100.000	652	0	0	1	652	1	652	0.0	1335
AAM___TIGR00634	RS_GCF_000202835.1	99.460	556	0	2	1	556	1	553	0.0	1030
AAM___TIGR00635	RS_GCF_000724705.2	100.000	304	0	0	1	304	1	304	0.0	593
AAM___TIGR00643	RS_GCF_000202835.1	99.837	613	0	1	1	613	1	612	0.0	1184
AAM___TIGR00663	RS_GCF_000724705.2	96.515	373	2	4	1	373	1	362	0.0	701
AAM___TIGR00717	RS_GCF_000724705.2	100.000	514	0	0	1	514	1	514	0.0	1033
AAM___TIGR00755	RS_GCF_000202835.1	98.810	252	0	3	1	252	1	249	6.40e-167	459
AAM___TIGR00810	RS_GCF_000724705.2	100.000	70	0	0	1	70	1	70	7.61e-41	125
AAM___TIGR00922	RS_GCF_000724705.2	100.000	172	0	0	1	172	1	172	3.91e-126	350
AAM___TIGR00928	RS_GCF_000724705.2	97.959	441	0	2	1	441	1	432	0.0	855
AAM___TIGR00959	RS_GCF_000724705.2	99.767	429	0	1	1	429	1	428	0.0	832
AAM___TIGR00963	RS_GCF_000202835.1	99.234	783	0	1	1	783	1	777	0.0	1584
AAM___TIGR00964	RS_GCF_000724705.2	100.000	56	0	0	1	56	1	56	3.80e-35	109
AAM___TIGR00967	RS_GCF_000724705.2	97.567	411	1	3	1	411	1	402	0.0	781
AAM___TIGR01009	RS_GCF_000724705.2	100.000	208	0	0	1	208	1	208	2.17e-153	422
AAM___TIGR01011	RS_GCF_000724705.2	100.000	220	0	0	1	220	1	220	5.69e-165	452
AAM___TIGR01017	RS_GCF_000724705.2	98.507	201	0	2	1	201	1	198	1.92e-143	396
AAM___TIGR01021	RS_GCF_000724705.2	99.351	154	0	1	1	154	1	153	5.49e-105	295
AAM___TIGR01029	RS_GCF_000724705.2	98.718	156	0	1	1	156	1	154	1.26e-110	309
AAM___TIGR01032	RS_GCF_000724705.2	100.000	114	0	0	1	114	1	114	8.21e-81	230
AAM___TIGR01039	RS_GCF_000202835.1	98.073	467	0	1	1	467	1	458	0.0	914
AAM___TIGR01044	RS_GCF_000724705.2	100.000	103	0	0	1	103	1	103	1.71e-70	203
AAM___TIGR01059	RS_GCF_000724705.2	97.906	573	0	4	1	573	1	561	0.0	1124
AAM___TIGR01059	RS_GCF_000724705.2	100.000	75	0	0	715	789	562	636	2.12e-40	157
AAM___TIGR01066	RS_GCF_000724705.2	99.265	136	0	1	1	136	1	135	1.28e-97	274
AAM___TIGR01071	RS_GCF_000202835.1	95.946	148	0	2	1	148	1	142	1.78e-92	262
AAM___TIGR01079	RS_GCF_000724705.2	100.000	102	0	0	1	102	1	102	2.76e-68	197
AAM___TIGR01082	RS_GCF_000724705.2	98.218	449	0	1	1	449	1	441	0.0	884
AAM___TIGR01087	RS_GCF_000202835.1	97.701	435	0	3	1	435	1	425	0.0	816
AAM___TIGR01128	RS_GCF_000724705.2	98.065	310	0	3	1	310	1	304	0.0	549
AAM___TIGR01146	RS_GCF_000202835.1	96.622	296	0	5	1	296	1	286	0.0	547
AAM___TIGR01164	RS_GCF_000724705.2	100.000	126	0	0	1	126	1	126	2.21e-89	253
AAM___TIGR01169	RS_GCF_000202835.1	100.000	225	0	0	1	225	1	225	1.74e-163	449
AAM___TIGR01171	RS_GCF_000724705.2	100.000	271	0	0	1	271	1	271	0.0	546
AAM___TIGR01302	RS_GCF_000202835.1	99.777	448	0	1	1	448	1	447	0.0	892
AAM___TIGR01391	RS_GCF_000202835.1	99.261	406	0	1	1	406	1	403	0.0	781
AAM___TIGR01393	RS_GCF_000202835.1	100.000	593	0	0	1	593	1	593	0.0	1215
AAM___TIGR01394	RS_GCF_000724705.2	99.497	597	0	2	1	597	1	594	0.0	1180
AAM___TIGR01510	RS_GCF_000724705.2	96.753	154	0	1	1	154	1	149	1.22e-105	296
AAM___TIGR01632	RS_GCF_000202835.1	99.286	140	0	1	1	140	1	139	8.46e-99	278
AAM___TIGR01951	RS_GCF_000724705.2	88.112	143	2	2	1	143	1	128	1.97e-83	238
AAM___TIGR01953	RS_GCF_000724705.2	100.000	337	0	0	1	337	1	337	0.0	675
AAM___TIGR02012	RS_GCF_000724705.2	99.688	321	0	1	1	321	1	320	0.0	639
AAM___TIGR02027	RS_GCF_000202835.1	100.000	291	0	0	1	291	1	291	0.0	588
AAM___TIGR02075	RS_GCF_000724705.2	100.000	231	0	0	1	231	1	231	8.70e-170	465
AAM___TIGR02191	RS_GCF_000202835.1	100.000	214	0	0	1	214	1	214	1.29e-149	412
AAM___TIGR02273	RS_GCF_000724705.2	98.077	156	0	2	1	156	1	153	2.92e-101	285
AAM___TIGR02350	RS_GCF_000724705.2	99.497	597	0	2	1	597	1	594	0.0	1186
AAM___TIGR02397	RS_GCF_000202835.1	97.527	364	0	3	1	364	1	355	0.0	689
AAM___TIGR02432	RS_GCF_000202835.1	100.000	176	0	0	1	176	1	176	5.52e-119	332
AAM___TIGR02729	RS_GCF_000724705.2	100.000	325	0	0	1	325	1	325	0.0	651
AAM___TIGR03263	RS_GCF_000724705.2	99.435	177	0	1	1	177	1	176	2.85e-125	348
AAM___TIGR03625	RS_GCF_000202835.1	100.000	202	0	0	1	202	1	202	1.08e-147	407
AAM___TIGR03632	RS_GCF_000724705.2	100.000	117	0	0	1	117	1	117	1.77e-84	239
AAM___TIGR03654	RS_GCF_000202835.1	100.000	175	0	0	1	175	1	175	7.88e-128	354
AAM___TIGR03725	RS_GCF_000202835.1	96.954	197	1	1	1	197	1	192	1.15e-125	350
