	1D9	1D18	1D27	1D42	5D9	5D18	5D27	5D42	9D9	9D18	9D27	9D42	4D9	4D18	4D27	4D42	8D9	8D18	8D27	8D42	12D9	12D18	12D27	12D42
2.10_chromosome|1381925|G|A	0	0	0	0	0	0	0.126	0	0	0	0	0	0	0	0	0	0	0	0	0	0	0	0	0
2.10_chromosome|1382579|C|T	0	0	0	0	0	0.059	0	0.157	0	0	0	0	0	0	0	0	0	0	0	0	0	0	0	0
2.10_chromosome|2400217|G|A	0	0	0	0	0	0	0	0	0	0	0	0	0	0	0	0	0.059	0	0	0	0	0	0	0
2.10_chromosome|2507735|G|A	0	0	0	0	0	0	0	0	0	0	0	0	0	0	0	0	0	0	0	0	0.091	0.331	0.645	0.836
2.10_chromosome|3074402|C|G	0	0	0	0	0	0	0	0	0	0	0.069	0	0	0	0	0	0	0	0	0	0	0	0	0
2.10_chromosome|3272469|C|G	0	0	0	0	0	0	0	0	0	0	0	0	0.452	0.464	0.365	0.465	0	0	0	0	0	0	0	0
2.10_chromosome|3347922|C|T	0	0	0	0	0.047	0.097	0	0.078	0	0	0	0	0	0	0	0	0.062	0	0	0	0	0	0	0
2.10_chromosome|3347962|G|A	0	0	0	0	0	0	0	0	0	0	0	0	0	0	0	0	0	0	0	0	0.073	0	0	0
2.10_chromosome|3348008|A|-	0	0	0	0	0	0	0	0	0	0	0	0	0	0	0	0	0	0	0	0	0.097	0.171	0.058	0
2.10_chromosome|335096|G|C	0	0	0	0	0	0	0	0	0	0	0	0	0.471	0.468	0.377	0.467	0	0	0	0	0	0	0	0
2.10_chromosome|367766|T|A	0	0	0	0	0	0	0	0	0	0	0	0	0	0	0	0	0	0	0.122	0	0	0	0	0
2.10_chromosome|378368|G|C	0	0	0	0	0	0	0	0	0	0	0	0	0	0	0	0	0	0	0.544	0.408	0	0	0	0
2.10_chromosome|479516|G|-	0	0	0	0	0	0	0	0	0	0	0	0	0	0	0	0	0	0	0	0	0	0	0	0.049
2.10_chromosome|528859|G|C	0	0	0	0	0	0	0.124	0	0	0	0	0	0	0	0	0	0	0	0	0	0	0	0	0
2.10_chromosome|874864|G|A	0	0	0	0	0	0	0	0	0	0	0	0	0	0	0	0	0	0	0.512	0.387	0	0	0	0
2.10_chromosome|874882|C|T	0	0	0	0.207	0	0	0	0	0	0	0	0	0	0	0	0	0	0	0	0	0	0	0	0
2.10_chromosome|902784|C|G	0	0	0	0.159	0	0	0	0	0	0	0	0	0	0	0	0	0	0	0	0	0	0	0	0
