	1D9	1D18	1D27	1D42	5D9	5D18	5D27	5D42	9D9	9D18	9D27	9D42
2.10_chromosome|1381925|G|A	0	0	0	0	0	0	0.126	0	0	0	0	0
2.10_chromosome|1382579|C|T	0	0	0	0	0	0.059	0	0.157	0	0	0	0
2.10_chromosome|2400217|G|A	0	0	0	0	0	0	0	0	0	0	0	0
2.10_chromosome|2507735|G|A	0	0	0	0	0	0	0	0	0	0	0	0
2.10_chromosome|3074402|C|G	0	0	0	0	0	0	0	0	0	0	0.069	0
2.10_chromosome|3272469|C|G	0	0	0	0	0	0	0	0	0	0	0	0
2.10_chromosome|3347922|C|T	0	0	0	0	0.047	0.097	0	0.078	0	0	0	0
2.10_chromosome|3347962|G|A	0	0	0	0	0	0	0	0	0	0	0	0
2.10_chromosome|3348008|A|-	0	0	0	0	0	0	0	0	0	0	0	0
2.10_chromosome|335096|G|C	0	0	0	0	0	0	0	0	0	0	0	0
2.10_chromosome|367766|T|A	0	0	0	0	0	0	0	0	0	0	0	0
2.10_chromosome|378368|G|C	0	0	0	0	0	0	0	0	0	0	0	0
2.10_chromosome|479516|G|-	0	0	0	0	0	0	0	0	0	0	0	0
2.10_chromosome|528859|G|C	0	0	0	0	0	0	0.124	0	0	0	0	0
2.10_chromosome|874864|G|A	0	0	0	0	0	0	0	0	0	0	0	0
2.10_chromosome|874882|C|T	0	0	0	0.207	0	0	0	0	0	0	0	0
2.10_chromosome|902784|C|G	0	0	0	0.159	0	0	0	0	0	0	0	0